#World: sizes, tour
20 15 18
#Organisms: id, x, y, force
11 11 12 15
11 8 13 9
11 10 12 9
10 14 7 9 1 9
12 5 12 4
24 6 13 99
24 10 1 99
25 2 1 10
23 18 12 0
21 1 2 0
21 3 14 0
25 13 3 10
21 5 6 0
23 17 15 0
24 6 12 99
23 14 15 0
21 1 1 0
22 11 13 0
24 11 2 99
22 12 11 0
22 12 13 0
22 10 11 0
21 2 15 0
24 12 2 99
22 14 12 0
22 11 10 0
22 16 13 0
23 17 12 0
22 10 10 0
22 15 13 0
22 10 14 0
22 9 13 0
23 18 14 0
22 12 10 0
22 13 14 0
22 16 15 0
22 14 11 0
23 17 13 0
21 2 3 0
22 15 12 0
22 9 9 0
22 13 9 0
22 16 14 0
24 9 2 99
23 18 15 0
22 13 13 0
22 10 9 0
22 17 14 0
23 16 12 0
22 9 15 0
22 9 12 0
22 14 9 0
22 15 15 0
24 9 1 99
24 11 3 99
22 15 14 0
22 9 14 0
22 13 11 0
22 14 14 0
22 13 10 0
23 18 13 0
22 9 10 0
22 10 15 0
21 4 5 0
24 7 11 99
22 12 14 0
22 9 11 0
22 14 13 0
22 8 14 0
22 15 11 0
22 9 8 0
22 11 8 0
22 8 11 0
22 14 8 0
24 10 2 99
22 13 15 0
22 14 10 0
22 13 12 0
22 11 15 0
22 12 9 0
24 8 3 99
22 8 15 0
22 8 9 0
22 12 7 0
22 8 12 0
22 15 8 0
24 10 3 99
22 12 15 0
22 12 12 0
24 7 12 99
22 11 14 0
23 16 11 0
22 11 9 0
22 15 9 0
24 7 10 99
22 8 10 0
22 7 15 0
22 15 10 0
22 12 8 0
22 13 8 0
22 15 7 0
21 4 6 0
22 11 11 0
22 10 13 0
24 9 3 99
22 16 10 0
22 13 6 0
22 7 13 0
22 10 8 0
22 7 9 0
22 7 14 0
